228
230
231
232
236
243
244
246
255
258
265
271
273
274
282
285
288
289
291
299
302
308
324
380
445
462
504
506
507
515
516
524
527
535
540
548
552
557
580
583
586
589
593
597
599
603
616
621
627
638
643
652
656
659
661
680
683
685
691
692
694
696
698
699
701
702
704
706
709
717
731
732
773
785
789
809
1236
1243
1289
1652
1663
1668
1686
1782
1790
1800
1819
1834
1835
1837
1842
1850
1855
1863
1915
1922
1937
2044
2093
2166
2200
2215
2217
2220
2243
2252
2264
2267
2269
2274
2275
2277
2280
2285
2312
2318
2322
2323
2324
2353
2416
2554
2578
2581
2590
2601
2626
2634
2636
2642
2644
2651
2652
2657
2658
2673
2678
2719
2720
2731
2739
2741
2760
2777
2778
2784
2786
2797
2799
2803
2811
2813
2820
2822
2829
2833
2839
2840
2841
2842
2845
2846
2849
2864
2868
2869
2879
2882
2883
2902
2921
