132
137
233
240
245
248
267
275
280
292
301
370
393
454
457
508
514
520
542
543
550
555
576
579
584
587
597
604
609
612
614
624
628
638
651
652
669
703
718
754
806
834
852
871
891
902
910
942
948
964
1115
1121
1122
1135
1144
1157
1164
1174
1177
1190
1192
1197
1200
1204
1210
1211
1228
1238
1275
1276
1356
1365
1379
1398
1445
1452
1462
1465
1467
1469
1471
1474
1475
1489
1497
1505
1506
1508
1513
1514
1517
1608
1630
1646
1681
1689
1690
1702
1818
1868
1871
1874
2010
2020
2023
2024
2069
2101
2164
2203
2219
2225
2232
2241
2248
2250
2253
2255
2259
2262
2263
2264
2271
2272
2279
2281
2282
2283
2287
2290
2294
2299
2300
2301
2305
2307
2311
2312
2314
2316
2337
2352
2403
2416
2433
2435
2448
2453
2457
2463
2466
2467
2468
2475
2476
2477
2550
2559
2578
2579
2582
2584
2601
2620
2635
2642
2644
2651
2681
2703
2706
2715
2727
2743
2754
2758
2764
2775
2776
2777
2806
2816
2835
2844
2848
2854
2856
2863
2867
2993
3000
3023
3024
3181
3183
<<<<<<< HEAD
3223
=======
3223
>>>>>>> origin/main
